Start
[619, 1402, 1402]
[446, 1402, 1402]
[56, 628, 1402]
[534, 113, 533]
[133, 505, 1402]
[452, 1402, 1402]
[157, 564, 491]
[616, 1, 1402]
[18, 500, 122]
[550, 1402, 1402]
[674, 624, 556]
[481, 1402, 1402]
[114, 1402, 1402]
[262, 1402, 1402]
[358, 230, 1402]
[490, 645, 1402]
[417, 564, 491]
[410, 591, 1402]
[132, 1402, 1402]
[278, 612, 1402]
[303, 479, 494]
[448, 645, 233]
[83, 1402, 1402]
[352, 480, 477]
[664, 1402, 1402]
[313, 1402, 1402]
[601, 1402, 1402]
[225, 358, 1402]
[72, 1402, 1402]
[384, 1402, 1402]
[676, 122, 1402]
[376, 636, 366]
[684, 1402, 1402]
[212, 648, 1402]
[299, 233, 1402]
[677, 1402, 1402]
[129, 568, 1402]
[254, 443, 1402]
[220, 352, 1402]
[560, 15, 1402]
[114, 564, 379]
[584, 564, 102]
[210, 646, 1402]
[522, 1402, 1402]
[163, 1402, 1402]
[287, 1402, 1402]
[354, 564, 491]
[541, 1402, 1402]
[4, 645, 491]
[555, 74, 155]
[386, 372, 1402]
[90, 1402, 1402]
[129, 378, 1402]
[140, 1402, 1402]
[487, 303, 136]
[31, 381, 1402]
[392, 167, 1402]
[210, 100, 1402]
[631, 1402, 1402]
[594, 695, 1402]
[185, 114, 1402]
[153, 114, 1402]
[131, 233, 1402]
[551, 672, 655]
[652, 1402, 1402]
[363, 1402, 1402]
[239, 160, 1402]
[455, 497, 1402]
[242, 1402, 1402]
[648, 1402, 1402]
[245, 1402, 1402]
[516, 1402, 1402]
[99, 1402, 1402]
[371, 22, 1402]
[196, 1402, 1402]
[547, 86, 1402]
[255, 1402, 1402]
[4, 1402, 1402]
[575, 504, 1402]
[477, 426, 194]
[462, 1402, 1402]
[644, 221, 1402]
[223, 1402, 1402]
[85, 586, 1402]
[303, 274, 397]
[285, 633, 1402]
[131, 1402, 1402]
[171, 1402, 1402]
[303, 602, 1402]
[5, 1402, 1402]
[136, 504, 1402]
[599, 476, 645]
[361, 248, 1402]
[498, 203, 67]
[111, 1402, 1402]
[679, 564, 1402]
[325, 1402, 1402]
[598, 1402, 1402]
[672, 1402, 1402]
[692, 559, 525]
[226, 1402, 1402]
[672, 556, 1402]
[392, 231, 1402]
[129, 156, 1402]
[601, 531, 1402]
[157, 564, 491]
[400, 686, 411]
[234, 1402, 1402]
[379, 1402, 1402]
[509, 564, 307]
[391, 1402, 1402]
[83, 370, 431]
[396, 349, 1402]
[152, 1402, 1402]
[120, 269, 1402]
[472, 1402, 1402]
[235, 645, 243]
[147, 1402, 1402]
[79, 433, 228]
[497, 1402, 1402]
[54, 280, 426]
[57, 1402, 1402]
[602, 1402, 1402]
[166, 444, 524]
[390, 174, 153]
[519, 678, 1402]
[685, 1402, 1402]
[674, 132, 1402]
[11, 588, 1402]
[242, 124, 311]
[560, 445, 174]
[572, 1402, 1402]
[65, 1402, 1402]
[93, 190, 1402]
[310, 628, 1402]
[520, 1402, 1402]
[117, 628, 1402]
[86, 564, 387]
[614, 1402, 1402]
[357, 435, 1402]
[48, 426, 1402]
[316, 1402, 1402]
[34, 1402, 1402]
[100, 333, 564]
[57, 247, 645]
[539, 435, 1402]
[537, 1402, 1402]
[333, 564, 387]
[437, 207, 1402]
[179, 239, 323]
[303, 309, 381]
[207, 1402, 1402]
[563, 443, 1402]
[41, 1402, 1402]
[670, 1402, 1402]
[97, 1402, 1402]
[658, 1402, 1402]
[688, 1402, 1402]
[518, 1402, 1402]
[593, 411, 1402]
[399, 1402, 1402]
[303, 284, 177]
[622, 642, 564]
[468, 443, 1402]
[486, 475, 1402]
[122, 525, 174]
[22, 1402, 1402]
[447, 1402, 1402]
[69, 1402, 1402]
[362, 1402, 1402]
[156, 613, 1402]
[672, 381, 1402]
[123, 609, 1402]
[131, 564, 1402]
[4, 479, 381]
[61, 577, 1402]
[26, 524, 1402]
[42, 1402, 1402]
[349, 1402, 1402]
[580, 372, 1402]
[449, 687, 1402]
[4, 334, 254]
[489, 1402, 1402]
[303, 686, 460]
[318, 1402, 1402]
[453, 1402, 1402]
[12, 1402, 1402]
[15, 28, 1402]
[348, 645, 543]
[463, 582, 1402]
[170, 1402, 1402]
[496, 557, 564]
[406, 1402, 1402]
[129, 475, 1402]
[303, 274, 311]
[534, 113, 1402]
[696, 226, 1402]
[156, 1402, 1402]
[173, 403, 564]
[675, 160, 1402]
[3, 174, 33]
[31, 477, 1402]
[267, 132, 1402]
[573, 1402, 1402]
[31, 1402, 1402]
[89, 360, 1402]
[395, 1402, 1402]
[303, 397, 441]
[253, 468, 1402]
[59, 668, 174]
[184, 583, 1402]
[668, 628, 1402]
[36, 198, 653]
[257, 1402, 1402]
[487, 157, 1402]
[470, 298, 1402]
[326, 592, 435]
[238, 435, 1402]
[75, 1402, 1402]
[536, 443, 1402]
[262, 268, 411]
[231, 509, 1402]
[352, 70, 645]
[625, 67, 491]
[380, 130, 1402]
[335, 521, 1402]
[133, 305, 1402]
[569, 1402, 1402]
[94, 385, 1402]
[523, 564, 1402]
[699, 443, 1402]
[435, 564, 413]
[488, 1402, 1402]
[648, 175, 491]
[204, 1402, 1402]
[514, 1402, 1402]
[451, 435, 1402]
[128, 1402, 1402]
[409, 1402, 1402]
[119, 1402, 1402]
[106, 1402, 1402]
[449, 360, 1402]
[412, 1402, 1402]
[574, 345, 1402]
[327, 1402, 1402]
[188, 1402, 1402]
[265, 1402, 1402]
[671, 1402, 1402]
[2, 169, 1402]
[172, 1402, 1402]
[157, 175, 491]
[352, 690, 1402]
[209, 1402, 1402]
[681, 1402, 1402]
[55, 164, 1402]
[153, 435, 1402]
[585, 1402, 1402]
[448, 1402, 1402]
[74, 1402, 1402]
[129, 243, 1402]
[553, 645, 317]
[59, 182, 1402]
[394, 1402, 1402]
[314, 1402, 1402]
[606, 494, 443]
[535, 1402, 1402]
[417, 564, 491]
[100, 602, 1402]
[435, 564, 347]
[560, 222, 1402]
[4, 284, 63]
[134, 1402, 1402]
[532, 1402, 1402]
[303, 581, 1402]
[45, 1402, 1402]
[100, 489, 1402]
[105, 397, 1402]
[630, 564, 583]
[571, 443, 1402]
[247, 645, 683]
[549, 1402, 1402]
[195, 641, 1402]
[113, 491, 496]
[391, 629, 1402]
[493, 68, 1402]
[61, 285, 1402]
[295, 427, 1402]
[186, 564, 23]
[618, 1402, 1402]
[430, 86, 1402]
[654, 1402, 1402]
[241, 1402, 1402]
[525, 443, 1402]
[547, 283, 20]
[515, 1402, 1402]
[432, 638, 416]
[456, 638, 1402]
[420, 564, 491]
[86, 135, 1402]
[257, 670, 1402]
[407, 512, 1402]
[173, 398, 1402]
[235, 645, 568]
[424, 1402, 1402]
[632, 67, 1402]
[4, 392, 63]
[423, 281, 1402]
[235, 645, 1402]
[641, 1402, 1402]
[47, 564, 102]
[135, 114, 1402]
[694, 564, 491]
[427, 1402, 1402]
[676, 1402, 1402]
[392, 670, 1402]
[371, 125, 199]
[14, 32, 1402]
[58, 1402, 1402]
[86, 1402, 1402]
[4, 645, 122]
[157, 564, 491]
[303, 301, 473]
[430, 283, 646]
[634, 645, 1402]
[462, 435, 1402]
[100, 289, 1402]
[127, 1402, 1402]
[112, 695, 1402]
[153, 305, 1402]
[417, 67, 491]
[100, 1402, 1402]
[259, 1402, 1402]
[129, 324, 564]
[507, 524, 1402]
[391, 190, 1402]
[376, 1402, 1402]
[9, 620, 1402]
[100, 37, 1402]
[547, 283, 646]
[343, 1402, 1402]
[495, 1402, 1402]
[610, 1402, 1402]
[129, 1402, 1402]
[464, 1402, 1402]
[436, 636, 1402]
[94, 1402, 1402]
[84, 678, 1402]
[233, 1402, 1402]
[104, 1402, 1402]
[470, 595, 564]
[109, 570, 564]
[146, 564, 554]
[95, 392, 1402]
[161, 1402, 1402]
[181, 305, 1402]
[38, 1402, 1402]
[83, 175, 491]
[193, 114, 1402]
[599, 525, 1402]
[561, 292, 169]
[482, 1402, 1402]
[99, 564, 491]
[341, 67, 1402]
[626, 1402, 1402]
[253, 1402, 1402]
[285, 1402, 1402]
[235, 645, 233]
[73, 1402, 1402]
[319, 477, 1402]
[528, 1402, 1402]
[286, 1402, 1402]
[82, 489, 1402]
[458, 435, 1402]
[661, 386, 372]
[100, 305, 1402]
[489, 174, 517]
[421, 575, 1402]
[457, 1402, 1402]
[146, 564, 656]
[150, 1402, 1402]
[639, 174, 657]
[224, 1402, 1402]
[439, 1402, 1402]
[66, 1402, 1402]
[291, 564, 1402]
[302, 16, 160]
[166, 524, 1402]
[458, 475, 1402]
[192, 1402, 1402]
[627, 1402, 1402]
[202, 46, 1402]
[122, 1402, 1402]
[305, 1402, 1402]
[60, 1402, 1402]
[294, 1402, 1402]
[649, 1402, 1402]
[594, 175, 659]
[251, 563, 1402]
[311, 1402, 1402]
[80, 637, 1402]
[577, 1402, 1402]
[558, 468, 443]
[430, 283, 20]
[231, 1402, 1402]
[545, 426, 1402]
[116, 304, 52]
[44, 119, 160]
[669, 414, 207]
[435, 564, 689]
[225, 1402, 1402]
[322, 1402, 1402]
[405, 94, 86]
[13, 435, 1402]
[576, 562, 175]
[672, 175, 491]
[164, 1402, 1402]
[365, 477, 160]
[100, 111, 1402]
[344, 673, 1402]
[197, 467, 1402]
[435, 564, 303]
[649, 225, 1402]
[383, 680, 1402]
[635, 1402, 1402]
[668, 1402, 1402]
[277, 390, 1402]
[275, 1402, 1402]
[236, 199, 1402]
[371, 520, 1402]
[666, 1402, 1402]
[392, 336, 1402]
[615, 564, 1402]
[479, 99, 1402]
[506, 1402, 1402]
[215, 142, 1402]
[210, 20, 1402]
[539, 56, 1402]
[229, 132, 1402]
[86, 564, 542]
[352, 1402, 1402]
[691, 15, 1402]
[109, 510, 1402]
[136, 1402, 1402]
[86, 51, 1402]
[110, 628, 607]
[149, 589, 1402]
[538, 660, 1402]
[697, 131, 1402]
[305, 101, 1402]
[442, 1402, 1402]
[376, 228, 1402]
[290, 137, 214]
[248, 1402, 1402]
[87, 1402, 1402]
[371, 258, 1402]
[560, 175, 1402]
[429, 1402, 1402]
[578, 1402, 1402]
[261, 408, 419]
[355, 575, 1402]
[529, 1402, 1402]
[146, 564, 656]
[509, 504, 1402]
[157, 175, 491]
[81, 1402, 1402]
[19, 157, 468]
[15, 1402, 1402]
[648, 135, 1402]
[159, 160, 1402]
[237, 645, 491]
[602, 315, 1402]
[273, 1402, 1402]
[305, 700, 1402]
[310, 1402, 1402]
[648, 126, 1402]
[489, 564, 1402]
[157, 468, 1402]
[293, 1402, 1402]
[30, 408, 351]
[524, 1402, 1402]
[46, 1402, 1402]
[329, 1402, 1402]
[508, 426, 26]
[391, 602, 1402]
[330, 111, 1402]
[338, 520, 1402]
[83, 227, 411]
[665, 1402, 1402]
[643, 1402, 1402]
[35, 1402, 1402]
[303, 368, 1402]
[499, 667, 1402]
[590, 319, 1402]
[40, 1402, 1402]
[86, 564, 596]
[141, 1402, 1402]
[162, 1402, 1402]
[277, 1402, 1402]
[282, 521, 1402]
[438, 568, 1402]
[540, 1402, 1402]
[576, 465, 1402]
[62, 132, 1402]
[449, 520, 1402]
[344, 564, 641]
[303, 122, 1402]
[539, 564, 491]
[297, 1402, 1402]
[264, 1402, 1402]
[337, 1402, 1402]
[157, 1402, 1402]
[189, 1402, 1402]
[59, 1402, 1402]
[371, 148, 1402]
[118, 1402, 1402]
[158, 1402, 1402]
[605, 443, 1402]
[603, 670, 1402]
[560, 178, 1402]
[183, 1402, 1402]
[205, 360, 1402]
[565, 53, 1402]
[461, 492, 1402]
[219, 1402, 1402]
[165, 645, 491]
[617, 1402, 1402]
[92, 359, 1402]
[86, 564, 472]
[544, 174, 328]
[157, 296, 96]
[100, 670, 1402]
[64, 527, 435]
[687, 1402, 1402]
[552, 339, 1402]
[394, 358, 1402]
[288, 1402, 1402]
[98, 244, 1402]
[166, 548, 1402]
[393, 645, 491]
[693, 1402, 1402]
[16, 1402, 1402]
[435, 564, 357]
[272, 1402, 1402]
[31, 70, 1402]
[552, 71, 1402]
[539, 562, 218]
[440, 1402, 1402]
[6, 427, 1402]
[389, 1402, 1402]
[328, 1402, 1402]
[136, 645, 491]
[25, 577, 1402]
[485, 174, 321]
[579, 352, 1402]
[303, 392, 320]
[24, 1402, 1402]
[672, 422, 1402]
[467, 1402, 1402]
[257, 645, 670]
[61, 108, 682]
[374, 602, 1402]
[27, 368, 1402]
[91, 1402, 1402]
[180, 1402, 1402]
[10, 190, 1402]
[98, 217, 1402]
[466, 474, 1402]
[539, 367, 1402]
[27, 276, 1402]
[527, 248, 1402]
[100, 629, 1402]
[344, 39, 1402]
[352, 477, 1402]
[425, 1402, 1402]
[306, 1402, 1402]
[555, 575, 1402]
[144, 564, 1402]
[143, 1402, 1402]
[77, 501, 1402]
[249, 1402, 1402]
[371, 667, 1402]
[332, 1402, 1402]
[587, 1402, 1402]
[303, 1402, 1402]
[390, 1402, 1402]
[487, 645, 4]
[398, 504, 1402]
[656, 368, 564]
[344, 1402, 1402]
[290, 300, 214]
[471, 1402, 1402]
[469, 1402, 1402]
[511, 641, 1402]
[558, 1402, 1402]
[608, 623, 1402]
[377, 699, 1402]
[105, 8, 1402]
[112, 175, 659]
[382, 1402, 1402]
[200, 1402, 1402]
[63, 443, 1402]
[113, 564, 213]
[56, 1402, 1402]
[149, 83, 175]
[303, 434, 248]
[3, 565, 1402]
[461, 154, 1402]
[324, 1402, 1402]
[270, 1402, 1402]
[360, 1402, 1402]
[648, 564, 491]
[483, 597, 1402]
[526, 37, 1402]
[145, 564, 491]
[581, 1402, 1402]
[331, 1402, 1402]
[478, 487, 546]
[211, 381, 1402]
[49, 564, 491]
[513, 564, 1402]
[21, 489, 1402]
[260, 1402, 1402]
[425, 564, 1402]
[187, 645, 491]
[7, 1402, 1402]
[168, 1402, 1402]
[672, 645, 122]
[696, 610, 1402]
[373, 1402, 1402]
[404, 1402, 1402]
[428, 1402, 1402]
[600, 645, 491]
[121, 578, 1402]
[454, 1402, 1402]
[61, 253, 1402]
[91, 443, 1402]
[228, 1402, 1402]
[573, 435, 1402]
[375, 1402, 1402]
[364, 1402, 1402]
[129, 289, 621]
[271, 388, 647]
[402, 1402, 1402]
[76, 562, 1402]
[662, 1402, 1402]
[334, 254, 443]
[695, 1402, 1402]
[19, 157, 227]
[568, 1402, 1402]
[301, 443, 1402]
[231, 564, 1402]
[471, 564, 491]
[206, 645, 491]
[371, 313, 1402]
[350, 1402, 1402]
[415, 1402, 1402]
[427, 435, 1402]
[400, 525, 1402]
[221, 1402, 1402]
[187, 366, 1402]
[43, 1402, 1402]
[530, 1402, 1402]
[78, 1402, 1402]
[0, 491, 342]
[282, 531, 1402]
[3, 435, 1402]
[216, 1402, 1402]
[86, 564, 401]
[319, 480, 477]
[648, 645, 491]
[246, 356, 1402]
[366, 443, 1402]
[376, 617, 1402]
[599, 1402, 1402]
[201, 136, 1402]
[55, 503, 1402]
[305, 172, 1402]
[697, 262, 1402]
[167, 564, 282]
[606, 494, 160]
[208, 1402, 1402]
[252, 611, 1402]
[483, 443, 1402]
[450, 435, 1402]
[250, 1402, 1402]
[303, 566, 240]
[563, 426, 1402]
[663, 668, 1402]
[347, 1402, 1402]
[3, 1402, 1402]
[497, 564, 472]
[602, 199, 1402]
[28, 427, 1402]
[319, 1402, 1402]
[110, 1402, 1402]
[151, 650, 1402]
[502, 1402, 1402]
[459, 1402, 1402]
[340, 1402, 1402]
[353, 1402, 1402]
[361, 443, 1402]
[122, 468, 1402]
[308, 1402, 1402]
[29, 160, 1402]
[651, 1402, 1402]
[365, 1402, 1402]
[557, 564, 543]
[100, 115, 1402]
[183, 564, 59]
[157, 564, 491]
[103, 1402, 1402]
[418, 564, 1402]
[101, 1402, 1402]
[44, 398, 1402]
[210, 200, 1402]
[435, 564, 266]
[597, 1402, 1402]
[263, 1402, 1402]
[398, 1402, 1402]
[604, 304, 52]
[400, 1402, 1402]
[640, 1402, 1402]
[567, 1402, 1402]
[369, 1402, 1402]
